3.746159260879277
9.30785690205492
18.68510457425487
32.4537997436789
50.66899133502694
72.89837585640005
98.35405870128072
126.05610254165887
154.98371030267248
184.18905941952238
212.86738206547003
240.38833005310894
266.29858923001063
290.30624188896974
312.2556695830065
332.09936064974613
349.87067869208664
365.65981399780617
379.5938471287923
391.82103420904605
402.4989630682221
411.7860161006024
419.83551775761055
426.79197493249217
432.788892002318
437.9477308594361
442.37767383789037
446.17592591710405
449.4283587688461
452.21035271768415
454.587734567953
456.6177411841795
458.34996250403776
459.8272350090088
461.08646904847257
462.15940202582345
463.07327528072767
463.8514362985391
464.51387022192233
465.0776659642259
