183810.9999981843
2133.886689104721
1361.9364545207943
884.2039595515993
832.5731429741692
699.5277861798106
700.2844765222122
636.0510871376159
642.2676391308892
607.7881810839251
613.4772738472153
593.0187370189182
598.0871665355116
584.95736486861
589.0523149014066
580.5888647095301
583.588599704329
578.0201617876559
580.2843949704617
576.4868616959999
578.1704188049
575.586589862038
576.7994416926224
575.033060161978
575.9166139409427
574.6890477716234
575.3333382978356
574.4799157755667
574.9433646978264
574.3497775883249
